points=[0.6674345991063009 0.705493825975378; 0.5233945983977586 0.35088878422685466; 0.6204446710482736 0.5285187731039518]
node_labels=[1, 2, 3]
faces=[[2, 3, 1]]
