points=[0.007018393385678889 0.17639581860333386; 0.15161678060826844 0.5153665128347797; 0.31590897880287216 0.5167899360642505; 0.8147732226697648 0.672902100844039; 0.6103304782570467 0.8869523547029448; 0.8255686467007435 0.9451764234801434; 0.06788153473840297 0.23542073465528413; 0.2648749684134355 0.521270351926489; 0.5579455579253265 0.3303281952413084; 0.24484806754554822 0.7266029858003844; 0.2512726543023467 0.8903352916629461; 0.4062921648466853 0.78288675623769]
node_labels=[1, 2, 3, 4, 5, 6, 7, 8, 9, 10, 11, 12]
faces=[[1, 7, 2], [7, 1, 9], [2, 7, 8], [1, 2, 11], [11, 10, 12], [8, 10, 2], [3, 10, 8], [10, 11, 2], [7, 3, 8], [12, 3, 9], [9, 3, 7], [12, 9, 4], [4, 5, 12], [5, 4, 6], [5, 6, 11], [12, 5, 11], [3, 12, 10]]
