points=[0.3654154781620702 0.8002917998176677; 0.9276191063024053 0.7374623898304746; 0.1122512631237127 0.8736194345978248; 0.7817062431975381 0.4583689597530154]
node_labels=[1, 2, 3, 4]
faces=[[3, 1, 2], [1, 3, 4], [4, 2, 1]]
