points=[0.8412758961721174 0.06207680316215769; 0.1438637364322375 0.9954602101625112; 0.8357333047154769 0.0911372407395612; 0.07452067854117672 0.8895791637711437; 0.01643155375587524 0.8115985824552385]
node_labels=[1, 2, 3, 4, 5]
faces=[[5, 4, 2], [4, 5, 3], [4, 3, 2], [3, 5, 1]]
