points=[0.6208730621895333 0.33479683573429764; 0.7292052735495325 0.8334763872377278; 0.554353872212968 0.30394360644612517; 0.3151611025965295 0.4187483817305877; 0.037583636972513546 0.37910183371215833; 0.9050075618327817 0.3278583038124059]
node_labels=[1, 2, 3, 4, 5, 6]
faces=[[5, 3, 4], [4, 3, 1], [5, 4, 2], [1, 6, 2], [6, 1, 3], [1, 2, 4]]
