points=[0.9723936425572204 0.24719094784885565; 0.929372816020769 0.010139931244434575; 0.5494812194492433 0.4631293340937499; 0.21122716890181525 0.3564602245703776; 0.39289104460425217 0.17294794293135562; 0.18834033714326637 0.5827995806197248; 0.009425749707988818 0.8584438691948779]
node_labels=[1, 2, 3, 4, 5, 6, 7]
faces=[[7, 4, 6], [6, 4, 3], [7, 6, 3], [5, 2, 1], [3, 1, 7], [1, 3, 5], [5, 3, 4]]
