points=[0.38432400028428804 0.981632395307753; 0.9570594889679722 0.5699994299783102; 0.055514023927892175 0.8639574816387743; 0.5824715043197717 0.5043089034253285; 0.1947006380677534 0.054754277237079485; 0.43486392211517755 0.8604676379216705; 0.9130307658420589 0.7419564235330649; 0.157774803004052 0.6794797240341592]
node_labels=[1, 2, 3, 4, 5, 6, 7, 8]
faces=[[6, 3, 8], [5, 8, 3], [6, 1, 3], [8, 5, 4], [4, 2, 7], [2, 4, 5], [6, 7, 1], [7, 6, 4], [4, 6, 8]]
