points=[0.9057933828875637 0.4842774501879272; 0.41603411131735357 0.5656660585660145; 0.15359378604138763 0.6784562659591902; 0.7921848704892882 0.03761130410322; 0.1832633804078705 0.07297231350062416; 0.9504188898292021 0.15325088538261755; 0.5758115995691868 0.600094834271407; 0.09809709280535484 0.9608462754271909; 0.849321386341229 0.7400569120247595]
node_labels=[1, 2, 3, 4, 5, 6, 7, 8, 9]
faces=[[5, 2, 3], [2, 5, 4], [8, 3, 2], [3, 8, 5], [2, 7, 8], [4, 6, 1], [7, 1, 9], [1, 7, 4], [7, 9, 8], [4, 7, 2]]
