points=[0.7680069039516206 0.33945277077001146; 0.7803880473061402 0.424122382661674; 0.11803287161824594 0.4941223485447177; 0.3883981579835345 0.6571651727240191; 0.15944074116450224 0.00884808936886583; 0.4014959819723849 0.7468563960581232; 0.02988993726335143 0.1775759202165812; 0.6357528826300447 0.49801279533413845; 0.6627585900117929 0.5848026928071011; 0.3143347663795253 0.5986517218738963]
node_labels=[1, 2, 3, 4, 5, 6, 7, 8, 9, 10]
faces=[[7, 5, 3], [6, 3, 10], [10, 3, 5], [8, 4, 10], [6, 10, 4], [10, 5, 8], [1, 2, 8], [4, 9, 6], [4, 8, 9], [9, 8, 2], [8, 5, 1]]
