points=[0.7294582972647188 0.4000354651800959; 0.3402942730203298 0.8010851746456702; 0.7112385229247911 0.6710253250144915; 0.38893364736046343 0.018798249547551826; 0.2904042616764453 0.1209931619477147; 0.4948652509926956 0.42477261587773985; 0.6458964511144529 0.551884504873208; 0.138225975518655 0.8208913107546754; 0.7118875370268498 0.2905367026010066; 0.6220483778922214 0.44562174321597636; 0.8985169430540827 0.07405016293035205]
node_labels=[1, 2, 3, 4, 5, 6, 7, 8, 9, 10, 11]
faces=[[5, 4, 6], [8, 6, 2], [6, 8, 5], [2, 6, 7], [4, 9, 6], [9, 11, 1], [11, 9, 4], [1, 11, 3], [9, 1, 10], [1, 7, 10], [7, 1, 3], [7, 3, 2], [10, 7, 6], [9, 10, 6]]
